200000	 160025.000000	 1033.000000
210000	 271360.000000	 1129.000000
220000	 -603684.000000	 1138.000000
230000	 526887.000000	 1183.000000
240000	 -312834.000000	 1250.000000
250000	 -87195.000000	 1466.000000
260000	 -12126.000000	 1343.000000
270000	 138192.000000	 1398.000000
280000	 383384.000000	 1502.000000
290000	 -363265.000000	 1526.000000
300000	 -127081.000000	 1564.000000
310000	 -1347.000000	 1645.000000
320000	 147444.000000	 1703.000000
330000	 -561058.000000	 1775.000000
340000	 563130.000000	 1762.000000
350000	 -318928.000000	 1809.000000
360000	 -95899.000000	 1861.000000
370000	 494987.000000	 1977.000000
380000	 -316896.000000	 1989.000000
390000	 -72484.000000	 2009.000000
400000	 -192075.000000	 2271.000000
