9000	 8071.000000	 187.000000
19000	 30480.000000	 144.000000
29000	 25630.000000	 150.000000
#39000	 -955751.000000	 200.000000
49000	 68797.000000	 252.000000
59000	 99503.000000	 303.000000
69000	 135616.000000	 354.000000
79000	 179608.000000	 405.000000
89000	 225719.000000	 494.000000
#99000	 -720988.000000	 509.000000
9000	 59887.000000	 46.000000
19000	 261275.000000	 103.000000
29000	 615286.000000	 149.000000
#39000	 -904945.000000	 204.000000
49000	 738210.000000	 253.000000
#59000	 -482141.000000	 308.000000
69000	 457087.000000	 362.000000
#79000	 -418524.000000	 408.000000
#89000	 -70614.000000	 502.000000
99000	 425160.000000	 561.000000
9000	 1300.000000	 49.000000
19000	 5496.000000	 98.000000
29000	 13455.000000	 165.000000
39000	 23680.000000	 202.000000
49000	 37281.000000	 265.000000
59000	 55719.000000	 309.000000
69000	 73310.000000	 377.000000
#79000	 -905035.000000	 439.000000
89000	 121933.000000	 461.000000
99000	 157898.000000	 542.000000
9000	 1403.000000	 49.000000
19000	 5670.000000	 103.000000
29000	 13116.000000	 155.000000
39000	 26483.000000	 233.000000
49000	 38560.000000	 266.000000
59000	 61358.000000	 321.000000
69000	 78195.000000	 373.000000
79000	 101477.000000	 429.000000
89000	 138784.000000	 534.000000
#99000	 -824318.000000	 651.000000
