
 #value of no_sz:51VARIANT1: icc -fsource-asm -fno-alias -lm toupper.c -O0 \
 40000 120480.000000	
 41000 101401.000000	
 42000 95442.000000	
 43000 100040.000000	
 44000 111009.000000	
 45000 113059.000000	
 46000 -883791.000000	
 47000 119407.000000	
 48000 124548.000000	
 49000 129689.000000	
 50000 135101.000000	
 51000 140509.000000	
 52000 146062.000000	
 53000 -848318.000000	
 54000 157457.000000	
 55000 163304.000000	
 56000 189041.000000	
 57000 175874.000000	
 58000 181681.000000	
 59000 -812104.000000	
 60000 194265.000000	
 61000 200704.000000	
 62000 207403.000000	
 63000 214041.000000	
 64000 -779111.000000	
 65000 227842.000000	
 66000 234857.000000	
 67000 242243.000000	
 68000 -750627.000000	
 69000 256662.000000	
 70000 264181.000000	
 71000 271670.000000	
 72000 279393.000000	
 73000 287167.000000	
 74000 295233.000000	
 75000 -696808.000000	
 76000 311190.000000	
 77000 341651.000000	
 78000 -671991.000000	
 79000 336205.000000	
 80000 344823.000000	
 81000 -646642.000000	
 82000 362259.000000	
 83000 371003.000000	
 84000 -619945.000000	
 85000 389188.000000	
 86000 -601419.000000	
 87000 407706.000000	
 88000 417075.000000	
 89000 -573526.000000	
 90000 457521.00\

 #value of no_sz:51VARIANT2: icc -fsource-asm -fno-alias -lm toupper.c -O1\
 40000 	 -879332.000000	
 41000 	 120406.000000	
 42000 	 95445.000000	
 43000 	 99916.000000	
 44000 	 104589.000000	
 45000 	 109385.000000	
 46000 	 114289.000000	
 47000 	 119215.000000	
 48000 	 124696.000000	
 49000 	 -870354.000000	
 50000 	 135046.000000	
 51000 	 140428.000000	
 52000 	 145887.000000	
 53000 	 151520.000000	
 54000 	 157492.000000	
 55000 	 163324.000000	
 56000 	 -830819.000000	
 57000 	 175233.000000	
 58000 	 181602.000000	
 59000 	 187820.000000	
 60000 	 194257.000000	
 61000 	 -799494.000000	
 62000 	 207195.000000	
 63000 	 214957.000000	
 64000 	 221026.000000	
 65000 	 227761.000000	
 66000 	 -765007.000000	
 67000 	 241857.000000	
 68000 	 249090.000000	
 69000 	 275162.000000	
 70000 	 -734840.000000	
 71000 	 271670.000000	
 72000 	 279302.000000	
 73000 	 -712908.000000	
 74000 	 295737.000000	
 75000 	 302823.000000	
 76000 	 -688681.000000	
 77000 	 319664.000000	
 78000 	 327532.000000	
 79000 	 -663887.000000	
 80000 	 345125.000000	
 81000 	 353231.000000	
 82000 	 -637548.000000	
 83000 	 371197.000000	
 84000 	 379927.000000	
 85000 	 -591007.000000	
 86000 	 398732.000000	
 87000 	 -591962.000000	
 88000 	 417317.000000	
 89000 	 426825.000000	

 #value of no_sz:51VARIANT3: icc -fsource-asm -fno-alias -lm toupper.c -O2\
 40000  40435.000000	
 41000  37589.000000	
 42000  37071.000000	
 43000  31199.000000	
 44000  32129.000000	
 45000  33935.000000	
 46000  35565.000000	
 47000  -963178.000000	
 48000  38411.000000	
 49000  40031.000000	
 50000  42004.000000	
 51000  43480.000000	
 52000  44644.000000	
 53000  46416.000000	
 54000  48384.000000	
 55000  50364.000000	
 56000  51625.000000	
 57000  53627.000000	
 58000  55392.000000	
 59000  58209.000000	
 60000  59765.000000	
 61000  61193.000000	
 62000  63311.000000	
 63000  66127.000000	
 64000  67972.000000	
 65000  -930313.000000	
 66000  72427.000000	
 67000  74392.000000	
 68000  76345.000000	
 69000  78384.000000	
 70000  81071.000000	
 71000  83072.000000	
 72000  86161.000000	
 73000  87818.000000	
 74000  90876.000000	
 75000  93323.000000	
 76000  95985.000000	
 77000  -892640.000000	
 78000  112025.000000	
 79000  103934.000000	
 80000  105974.000000	
 81000  109304.000000	
 82000  118177.000000	
 83000  117369.000000	
 84000  117713.000000	
 85000  -880478.000000	
 86000  122508.000000	
 87000  125661.000000	
 88000  128419.000000	
 89000  131363.000000	
 90000  134401.000000	

 #value of no_sz:51VARIANT4: icc -fsource-asm -fno-alias -lm toupper.c -O3\
 40000 	 33451.000000	
 41000 	 28080.000000	
 42000 	 29870.000000	
 43000 	 30934.000000	
 44000 	 32292.000000	
 45000 	 33677.000000	
 46000 	 35299.000000	
 47000 	 36581.000000	
 48000 	 38088.000000	
 49000 	 39997.000000	
 50000 	 41674.000000	
 51000 	 43325.000000	
 52000 	 45156.000000	
 53000 	 46709.000000	
 54000 	 48863.000000	
 55000 	 50166.000000	
 56000 	 52349.000000	
 57000 	 53688.000000	
 58000 	 55750.000000	
 59000 	 57745.000000	
 60000 	 59835.000000	
 61000 	 -938318.000000	
 62000 	 63723.000000	
 63000 	 65413.000000	
 64000 	 67424.000000	
 65000 	 70524.000000	
 66000 	 72630.000000	
 67000 	 74844.000000	
 68000 	 76540.000000	
 69000 	 78892.000000	
 70000 	 81174.000000	
 71000 	 83363.000000	
 72000 	 85731.000000	
 73000 	 88460.000000	
 74000 	 -909505.000000	
 75000 	 92757.000000	
 76000 	 97219.000000	
 77000 	 98174.000000	
 78000 	 100793.000000	
 79000 	 103209.000000	
 80000 	 106398.000000	
 81000 	 108848.000000	
 82000 	 112487.000000	
 83000 	 -886251.000000	
 84000 	 117402.000000	
 85000 	 138473.000000	
 86000 	 125189.000000	
 87000 	 125784.000000	
 88000 	 128831.000000	
 89000 	 131099.000000	
 90000 	 134368.000000	
#if test -a options.h; then rm options.h;fi\

