
 #value of no_sz:51VARIANT1: icc -fsource-asm -fno-alias -lm toupper.c -O0 \
 40000  211.000000
 41000  161.000000
 42000  164.000000
 43000  168.000000
 44000  212.000000
 45000  212.000000
 46000  180.000000
 47000  186.000000
 48000  188.000000
 49000  194.000000
 50000  195.000000
 51000  201.000000
 52000  204.000000
 53000  208.000000
 54000  212.000000
 55000  215.000000
 56000  219.000000
 57000  223.000000
 58000  227.000000
 59000  231.000000
 60000  235.000000
 61000  239.000000
 62000  243.000000
 63000  247.000000
 64000  251.000000
 65000  256.000000
 66000  257.000000
 67000  263.000000
 68000  268.000000
 69000  273.000000
 70000  274.000000
 71000  279.000000
 72000  284.000000
 73000  286.000000
 74000  291.000000
 75000  294.000000
 76000  299.000000
 77000  302.000000
 78000  307.000000
 79000  310.000000
 80000  315.000000
 81000  318.000000
 82000  322.000000
 83000  326.000000
 84000  330.000000
 85000  334.000000
 86000  337.000000
 87000  343.000000
 88000  345.000000
 89000  350.000000
# 90000 	Ratio: 50.000000 	Running time:	simple: 457521.00\

 #value of no_sz:51VARIANT2: icc -fsource-asm -fno-alias -lm toupper.c -O1\
 40000 	 208.000000
 41000 	 158.00000
 42000 	 162.000000
 43000 	 166.000000
 44000 	 168.000000
 45000 	 174.000000
 46000 	 176.000000
 47000 	 181.000000
 48000 	 185.000000
 49000 	 190.000000
 50000 	 193.000000
 51000 	 198.000000
 52000 	 201.000000
 53000 	 204.000000
 54000 	 209.000000
 55000 	 213.000000
 56000 	 216.000000
 57000 	 220.000000
 58000 	 224.000000
 59000 	 227.000000
 60000 	 231.000000
 61000 	 236.000000
 62000 	 241.00000
 63000 	 243.000000
 64000 	 246.000000
 65000 	 250.000000
 66000 	 254.000000
 67000 	 259.000000
 68000 	 263.000000
 69000 	 267.000000
 70000 	 270.000000
 71000 	 277.000000
 72000 	 278.000000
 73000 	 283.000000
 74000 	 286.000000
 75000 	 289.000000
 76000 	 293.000000
 77000 	 297.000000
 78000 	 301.000000
 79000 	 307.000000
 80000 	 310.000000
 81000 	 312.000000
 82000 	 316.000000
 83000 	 321.000000
 84000 	 324.000000
 85000 	 327.000000
 86000 	 332.000000
 87000 	 334.000000
 88000 	 342.000000
 89000 	 343.000000

 #value of no_sz:51VARIANT3: icc -fsource-asm -fno-alias -lm toupper.c -O2\
 40000  209.000000
 41000  214.000000
 42000  163.000000
 43000  167.000000
 44000  169.000000
 45000  174.000000
 46000  177.000000
 47000  182.000000
 48000  186.000000
 49000  189.000000
 50000  192.000000
 51000  197.000000
 52000  201.000000
 53000  205.000000
 54000  208.000000
 55000  211.000000
 56000  215.000000
 57000  220.000000
 58000  224.000000
 59000  232.000000
 60000  232.000000
 61000  236.000000
 62000  240.000000
 63000  243.000000
 64000  248.000000
 65000  252.000000
 66000  255.000000
 67000  259.000000
 68000  264.000000
 69000  267.000000
 70000  270.000000
 71000  274.000000
 72000  278.000000
 73000  282.000000
 74000  285.000000
 75000  806.000000
 76000  296.000000
 77000  408.000000
 78000  301.000000
 79000  306.000000
 80000  310.000000
 81000  314.000000
 82000  317.000000
 83000  321.000000
 84000  326.000000
 85000  330.000000
 86000  337.000000
 87000  337.000000
 88000  340.000000
 89000  345.000000
 90000  348.000000

 #value of no_sz:51VARIANT4: icc -fsource-asm -fno-alias -lm toupper.c -O3\
 40000 154.000000
 41000 159.00000
 42000 162.000000
 43000 166.000000
 44000 170.000000
 45000 173.000000
 46000 179.000000
 47000 182.000000
 48000 186.000000
 49000 189.000000
 50000 193.000000
 51000 197.000000
 52000 201.000000
 53000 204.000000
 54000 210.000000
 55000 213.000000
 56000 217.000000
 57000 222.000000
 58000 225.000000
 59000 228.000000
 60000 232.000000
 61000 235.000000
 62000 240.000000
 63000 242.000000
 64000 249.000000
 65000 252.000000
 66000 258.000000
 67000 258.000000
 68000 263.000000
 69000 266.000000
 70000 270.000000
 71000 275.000000
 72000 281.000000
 73000 281.000000
 74000 286.000000
 75000 293.000000
 76000 296.000000
 77000 299.000000
 78000 300.000000
 79000 305.000000
 80000 310.000000
 81000 342.000000
 82000 318.000000
 83000 321.000000
 84000 325.000000
 85000 330.000000
 86000 332.000000
 87000 336.000000
 88000 342.000000
 89000 346.000000
 90000 346.000000
#if test -a options.h; then rm options.h;fi\
#}
