
#VARIANT1: clang-3.5 toupper.c -O0 
9000 	 1823.000000	
19000  22858.000000	
29000  55486.000000	
39000  61872.000000	
49000  72468.000000	
59000  143611.000000	
69000  -855296.000000	
79000  184472.000000	
89000  270029.000000	
99000  99991.000000	
#VARIANT2: clang-3.5 toupper.c -O1
 9000 	1689.000000	
 19000 	7597.000000	
 29000 	46908.000000	
 39000 	73761.000000	
 49000 	-890794.000000	
 59000 	114704.000000	
 69000 	140691.000000	
 79000 	198845.000000	
 89000 	269850.000000	
 99000 	-698814.000000	

#VARIANT3: clang-3.5 toupper.c -O2
9000 	1757.000000	
19000 	 7912.000000	
29000 	 29084.000000	
39000 	 51812.000000	
49000 	 83287.000000	
59000 	 109213.000000	
69000 	 142584.000000	
79000 	 187015.000000	
89000 	 249578.000000	
99000 	 -709686.000000	

#VARIANT4: clang-3.5 toupper.c -O3
9000 	 1732.000000	
19000 	 7546.000000	
29000 	 17802.000000	
39000 	 55321.000000	
49000 	 114618.000000	
59000 	 115046.000000	
69000 	 141517.000000	
79000 	 190143.000000	
89000 	 -738316.000000	
99000 	 306867.000000	
#if test -a options.h; then rm options.h;fi

