
#VARIANT1: clang-3.5 toupper.c -O0 
9000 	 79.000000
19000  111.000000
29000  158.000000
39000  221.000000
49000  265.000000
59000   378.000000
69000   384.000000
79000   467.000000
89000   489.000000
99000  543.000000

#VARIANT2: clang-3.5 toupper.c -O1
 9000 	 48.000000
 19000 	 102.000000
 29000 	 157.000000
 39000 	 211.000000
 49000 	 278.000000
 59000 	 320.000000
 69000 	 385.000000
 79000 	 437.000000
 89000 	 488.000000
 99000 	 546.000000

#VARIANT3: clang-3.5 toupper.c -O2
9000 	49.000000
19000 	 103.000000
29000 	 164.000000
39000 	 212.000000
49000 	 265.000000
59000 	 356.000000
69000 	 374.000000
79000 	 502.000000
89000 	 489.000000
99000 	 556.000000

#VARIANT4: clang-3.5 toupper.c -O3
9000 	 49.000000
19000 	 113.000000
29000 	 156.000000
39000 	 345.000000
49000 	 277.000000
59000 	 318.000000
69000 	 413.000000
79000 	 435.000000
89000 	 502.000000
99000 	 543.000000
#if test -a options.h; then rm options.h;fi

