40000	 267116.000000	 208.000000
41000	 260287.000000	 213.000000
42000	 -589465.000000	 263.000000
43000	 362043.000000	 233.000000
44000	 -486286.000000	 237.000000
45000	 574900.000000	 232.000000
46000	 -304986.000000	 256.000000
47000	 -259828.000000	 261.000000
48000	 659993.000000	 247.000000
49000	 -174379.000000	 259.000000
50000	 -92644.000000	 260.000000
51000	 -113388.000000	 265.000000
52000	 -16575.000000	 276.000000
53000	 75149.000000	 285.000000
54000	 128706.000000	 282.000000
55000	 -720899.000000	 285.000000
56000	 434681.000000	 290.000000
57000	 388660.000000	 306.000000
58000	 -431128.000000	 315.000000
59000	 -338447.000000	 318.000000
60000	 716586.000000	 321.000000
61000	 -71992.000000	 314.000000
62000	 -203760.000000	 322.000000
63000	 -63609.000000	 342.000000
64000	 116639.000000	 346.000000
65000	 157239.000000	 349.000000
66000	 -735190.000000	 342.000000
67000	 357808.000000	 378.000000
68000	 606525.000000	 369.000000
69000	 -416575.000000	 358.000000
70000	 -355307.000000	 379.000000
71000	 -153933.000000	 411.000000
72000	 867491.000000	 374.000000
73000	 -8741.000000	 380.000000
74000	 24478.000000	 382.000000
75000	 -681748.000000	 454.000000
76000	 377691.000000	 393.000000
77000	 321515.000000	 401.000000
78000	 -563826.000000	 404.000000
79000	 -273144.000000	 423.000000
80000	 12463.000000	 430.000000
81000	 -21759.000000	 444.000000
82000	 202495.000000	 446.000000
83000	 313301.000000	 449.000000
84000	 187220.000000	 432.000000
85000	 -730012.000000	 439.000000
86000	 464388.000000	 446.000000
87000	 -450385.000000	 474.000000
88000	 790436.000000	 457.000000
89000	 -214020.000000	 476.000000
90000	 -65401.000000	 464.000000
