40000	 24774.000000	 210.000000
41000	 25807.000000	 212.000000
42000	 25381.000000	 218.000000
43000	 28234.000000	 224.000000
44000	 28090.000000	 228.000000
45000	 29062.000000	 234.000000
46000	 30395.000000	 236.000000
47000	 31795.000000	 243.000000
48000	 33332.000000	 248.000000
49000	 -965392.000000	 254.000000
50000	 35802.000000	 258.000000
51000	 37601.000000	 266.000000
52000	 38830.000000	 270.000000
53000	 40235.000000	 275.000000
54000	 41878.000000	 280.000000
55000	 43288.000000	 288.000000
56000	 44745.000000	 289.000000
57000	 46442.000000	 295.000000
58000	 47953.000000	 300.000000
59000	 49608.000000	 306.000000
60000	 51512.000000	 310.000000
61000	 52945.000000	 315.000000
62000	 54793.000000	 323.000000
63000	 56720.000000	 328.000000
64000	 58395.000000	 329.000000
65000	 60188.000000	 335.000000
66000	 62058.000000	 340.000000
67000	 63995.000000	 347.000000
68000	 -933894.000000	 353.000000
69000	 67764.000000	 357.000000
70000	 69815.000000	 364.000000
71000	 71617.000000	 366.000000
72000	 73631.000000	 373.000000
73000	 75767.000000	 379.000000
74000	 77698.000000	 384.000000
75000	 79708.000000	 388.000000
76000	 82562.000000	 394.000000
77000	 85455.000000	 401.000000
78000	 88021.000000	 403.000000
79000	 89006.000000	 409.000000
80000	 91538.000000	 415.000000
81000	 -906396.000000	 419.000000
82000	 95627.000000	 424.000000
83000	 98942.000000	 428.000000
84000	 100273.000000	 435.000000
85000	 102689.000000	 441.000000
86000	 105049.000000	 446.000000
87000	 109240.000000	 451.000000
88000	 110201.000000	 453.000000
89000	 113098.000000	 461.000000
90000	 -883517.000000	 470.000000
