40000	 55845.000000	 259.000000
41000	 51710.000000	 213.000000
42000	 50653.000000	 216.000000
43000	 55898.000000	 220.000000
44000	 55561.000000	 226.000000
45000	 64986.000000	 232.000000
46000	 62413.000000	 240.000000
47000	 -935677.000000	 242.000000
48000	 66536.000000	 247.000000
49000	 68978.000000	 253.000000
50000	 71795.000000	 259.000000
51000	 75287.000000	 264.000000
52000	 79897.000000	 268.000000
53000	 81453.000000	 275.000000
54000	 85050.000000	 278.000000
55000	 87004.000000	 286.000000
56000	 89640.000000	 290.000000
57000	 92816.000000	 295.000000
58000	 96296.000000	 301.000000
59000	 -899725.000000	 306.000000
60000	 104744.000000	 312.000000
61000	 105960.000000	 315.000000
62000	 109253.000000	 322.000000
63000	 112862.000000	 328.000000
64000	 117469.000000	 331.000000
65000	 123847.000000	 337.000000
66000	 124293.000000	 340.000000
67000	 -871910.000000	 346.000000
68000	 131860.000000	 351.000000
69000	 135291.000000	 354.000000
70000	 141099.000000	 359.000000
71000	 143755.000000	 381.000000
72000	 147703.000000	 372.000000
73000	 151927.000000	 414.000000
74000	 -823773.000000	 385.000000
75000	 169575.000000	 386.000000
76000	 169776.000000	 460.000000
77000	 180726.000000	 401.000000
78000	 179984.000000	 426.000000
79000	 -817896.000000	 412.000000
80000	 183788.000000	 411.000000
81000	 197567.000000	 417.000000
82000	 190807.000000	 441.000000
83000	 197637.000000	 428.000000
84000	 -799074.000000	 453.000000
85000	 205750.000000	 439.000000
86000	 224264.000000	 445.000000
87000	 253809.000000	 449.000000
88000	 220102.000000	 453.000000
89000	 -773260.000000	 456.000000
90000	 231319.000000	 499.000000
40000	 267116.000000	 208.000000
41000	 260287.000000	 213.000000
42000	 -589465.000000	 263.000000
43000	 362043.000000	 233.000000
44000	 -486286.000000	 237.000000
45000	 574900.000000	 232.000000
46000	 -304986.000000	 256.000000
47000	 -259828.000000	 261.000000
48000	 659993.000000	 247.000000
49000	 -174379.000000	 259.000000
50000	 -92644.000000	 260.000000
51000	 -113388.000000	 265.000000
52000	 -16575.000000	 276.000000
53000	 75149.000000	 285.000000
54000	 128706.000000	 282.000000
55000	 -720899.000000	 285.000000
56000	 434681.000000	 290.000000
57000	 388660.000000	 306.000000
58000	 -431128.000000	 315.000000
59000	 -338447.000000	 318.000000
60000	 716586.000000	 321.000000
61000	 -71992.000000	 314.000000
62000	 -203760.000000	 322.000000
63000	 -63609.000000	 342.000000
64000	 116639.000000	 346.000000
65000	 157239.000000	 349.000000
66000	 -735190.000000	 342.000000
67000	 357808.000000	 378.000000
68000	 606525.000000	 369.000000
69000	 -416575.000000	 358.000000
70000	 -355307.000000	 379.000000
71000	 -153933.000000	 411.000000
72000	 867491.000000	 374.000000
73000	 -8741.000000	 380.000000
74000	 24478.000000	 382.000000
75000	 -681748.000000	 454.000000
76000	 377691.000000	 393.000000
77000	 321515.000000	 401.000000
78000	 -563826.000000	 404.000000
79000	 -273144.000000	 423.000000
80000	 12463.000000	 430.000000
81000	 -21759.000000	 444.000000
82000	 202495.000000	 446.000000
83000	 313301.000000	 449.000000
84000	 187220.000000	 432.000000
85000	 -730012.000000	 439.000000
86000	 464388.000000	 446.000000
87000	 -450385.000000	 474.000000
88000	 790436.000000	 457.000000
89000	 -214020.000000	 476.000000
90000	 -65401.000000	 464.000000
40000	 24774.000000	 210.000000
41000	 25807.000000	 212.000000
42000	 25381.000000	 218.000000
43000	 28234.000000	 224.000000
44000	 28090.000000	 228.000000
45000	 29062.000000	 234.000000
46000	 30395.000000	 236.000000
47000	 31795.000000	 243.000000
48000	 33332.000000	 248.000000
49000	 -965392.000000	 254.000000
50000	 35802.000000	 258.000000
51000	 37601.000000	 266.000000
52000	 38830.000000	 270.000000
53000	 40235.000000	 275.000000
54000	 41878.000000	 280.000000
55000	 43288.000000	 288.000000
56000	 44745.000000	 289.000000
57000	 46442.000000	 295.000000
58000	 47953.000000	 300.000000
59000	 49608.000000	 306.000000
60000	 51512.000000	 310.000000
61000	 52945.000000	 315.000000
62000	 54793.000000	 323.000000
63000	 56720.000000	 328.000000
64000	 58395.000000	 329.000000
65000	 60188.000000	 335.000000
66000	 62058.000000	 340.000000
67000	 63995.000000	 347.000000
68000	 -933894.000000	 353.000000
69000	 67764.000000	 357.000000
70000	 69815.000000	 364.000000
71000	 71617.000000	 366.000000
72000	 73631.000000	 373.000000
73000	 75767.000000	 379.000000
74000	 77698.000000	 384.000000
75000	 79708.000000	 388.000000
76000	 82562.000000	 394.000000
77000	 85455.000000	 401.000000
78000	 88021.000000	 403.000000
79000	 89006.000000	 409.000000
80000	 91538.000000	 415.000000
81000	 -906396.000000	 419.000000
82000	 95627.000000	 424.000000
83000	 98942.000000	 428.000000
84000	 100273.000000	 435.000000
85000	 102689.000000	 441.000000
86000	 105049.000000	 446.000000
87000	 109240.000000	 451.000000
88000	 110201.000000	 453.000000
89000	 113098.000000	 461.000000
90000	 -883517.000000	 470.000000
40000	 25285.000000	 215.000000
41000	 26874.000000	 222.000000
42000	 25634.000000	 216.000000
43000	 28084.000000	 223.000000
44000	 28246.000000	 227.000000
45000	 29386.000000	 232.000000
46000	 30634.000000	 236.000000
47000	 32996.000000	 243.000000
48000	 33462.000000	 247.000000
49000	 34819.000000	 252.000000
50000	 36161.000000	 303.000000
51000	 37669.000000	 265.000000
52000	 40775.000000	 294.000000
53000	 46065.000000	 275.000000
54000	 44180.000000	 280.000000
55000	 50353.000000	 349.000000
56000	 50348.000000	 290.000000
57000	 47027.000000	 293.000000
58000	 49097.000000	 298.000000
59000	 50571.000000	 305.000000
60000	 51827.000000	 321.000000
61000	 54474.000000	 349.000000
62000	 -944806.000000	 320.000000
63000	 57606.000000	 325.000000
64000	 59005.000000	 331.000000
65000	 60851.000000	 335.000000
66000	 62563.000000	 341.000000
67000	 64520.000000	 344.000000
68000	 66450.000000	 352.000000
69000	 68349.000000	 404.000000
70000	 70375.000000	 360.000000
71000	 73170.000000	 402.000000
72000	 74378.000000	 373.000000
73000	 76911.000000	 393.000000
74000	 79638.000000	 395.000000
75000	 84964.000000	 416.000000
76000	 -910857.000000	 405.000000
77000	 89041.000000	 425.000000
78000	 92354.000000	 412.000000
79000	 89580.000000	 409.000000
80000	 92440.000000	 422.000000
81000	 98383.000000	 430.000000
82000	 103124.000000	 422.000000
83000	 99307.000000	 427.000000
84000	 101569.000000	 445.000000
85000	 103991.000000	 438.000000
86000	 -893767.000000	 483.000000
87000	 109737.000000	 453.000000
88000	 111464.000000	 452.000000
89000	 113656.000000	 456.000000
90000	 116475.000000	 514.000000
