40000	 55845.000000	 259.000000
41000	 51710.000000	 213.000000
42000	 50653.000000	 216.000000
43000	 55898.000000	 220.000000
44000	 55561.000000	 226.000000
45000	 64986.000000	 232.000000
46000	 62413.000000	 240.000000
47000	 -935677.000000	 242.000000
48000	 66536.000000	 247.000000
49000	 68978.000000	 253.000000
50000	 71795.000000	 259.000000
51000	 75287.000000	 264.000000
52000	 79897.000000	 268.000000
53000	 81453.000000	 275.000000
54000	 85050.000000	 278.000000
55000	 87004.000000	 286.000000
56000	 89640.000000	 290.000000
57000	 92816.000000	 295.000000
58000	 96296.000000	 301.000000
59000	 -899725.000000	 306.000000
60000	 104744.000000	 312.000000
61000	 105960.000000	 315.000000
62000	 109253.000000	 322.000000
63000	 112862.000000	 328.000000
64000	 117469.000000	 331.000000
65000	 123847.000000	 337.000000
66000	 124293.000000	 340.000000
67000	 -871910.000000	 346.000000
68000	 131860.000000	 351.000000
69000	 135291.000000	 354.000000
70000	 141099.000000	 359.000000
71000	 143755.000000	 381.000000
72000	 147703.000000	 372.000000
73000	 151927.000000	 414.000000
74000	 -823773.000000	 385.000000
75000	 169575.000000	 386.000000
76000	 169776.000000	 460.000000
77000	 180726.000000	 401.000000
78000	 179984.000000	 426.000000
79000	 -817896.000000	 412.000000
80000	 183788.000000	 411.000000
81000	 197567.000000	 417.000000
82000	 190807.000000	 441.000000
83000	 197637.000000	 428.000000
84000	 -799074.000000	 453.000000
85000	 205750.000000	 439.000000
86000	 224264.000000	 445.000000
87000	 253809.000000	 449.000000
88000	 220102.000000	 453.000000
89000	 -773260.000000	 456.000000
90000	 231319.000000	 499.000000
