40000	 25285.000000	 215.000000
41000	 26874.000000	 222.000000
42000	 25634.000000	 216.000000
43000	 28084.000000	 223.000000
44000	 28246.000000	 227.000000
45000	 29386.000000	 232.000000
46000	 30634.000000	 236.000000
47000	 32996.000000	 243.000000
48000	 33462.000000	 247.000000
49000	 34819.000000	 252.000000
50000	 36161.000000	 303.000000
51000	 37669.000000	 265.000000
52000	 40775.000000	 294.000000
53000	 46065.000000	 275.000000
54000	 44180.000000	 280.000000
55000	 50353.000000	 349.000000
56000	 50348.000000	 290.000000
57000	 47027.000000	 293.000000
58000	 49097.000000	 298.000000
59000	 50571.000000	 305.000000
60000	 51827.000000	 321.000000
61000	 54474.000000	 349.000000
62000	 -944806.000000	 320.000000
63000	 57606.000000	 325.000000
64000	 59005.000000	 331.000000
65000	 60851.000000	 335.000000
66000	 62563.000000	 341.000000
67000	 64520.000000	 344.000000
68000	 66450.000000	 352.000000
69000	 68349.000000	 404.000000
70000	 70375.000000	 360.000000
71000	 73170.000000	 402.000000
72000	 74378.000000	 373.000000
73000	 76911.000000	 393.000000
74000	 79638.000000	 395.000000
75000	 84964.000000	 416.000000
76000	 -910857.000000	 405.000000
77000	 89041.000000	 425.000000
78000	 92354.000000	 412.000000
79000	 89580.000000	 409.000000
80000	 92440.000000	 422.000000
81000	 98383.000000	 430.000000
82000	 103124.000000	 422.000000
83000	 99307.000000	 427.000000
84000	 101569.000000	 445.000000
85000	 103991.000000	 438.000000
86000	 -893767.000000	 483.000000
87000	 109737.000000	 453.000000
88000	 111464.000000	 452.000000
89000	 113656.000000	 456.000000
90000	 116475.000000	 514.000000
